# Ndata  Nfreqs  time (s)
100 256 5.04017e-04
100 1024 7.87020e-04
100 4096 1.73807e-03
100 32768 1.04389e-02
100 65536 1.98121e-02
100 131072 3.64051e-02
1000 256 2.86913e-03
1000 1024 1.12987e-03
1000 4096 1.94693e-03
1000 32768 8.75616e-03
1000 65536 1.71299e-02
1000 131072 3.44038e-02
3000 256 4.16589e-03
3000 1024 2.51389e-03
3000 4096 3.10016e-03
3000 32768 1.03428e-02
3000 65536 1.94468e-02
3000 131072 3.67169e-02
5000 256 5.46193e-03
5000 1024 3.80921e-03
5000 4096 4.65298e-03
5000 32768 1.17149e-02
5000 65536 2.14710e-02
5000 131072 3.90470e-02
10000 256 8.74400e-03
10000 1024 7.00903e-03
10000 4096 7.75003e-03
10000 32768 1.61371e-02
10000 65536 2.61540e-02
10000 131072 4.49529e-02
20000 256 1.50871e-02
20000 1024 1.34220e-02
20000 4096 1.43511e-02
20000 32768 2.33541e-02
20000 65536 3.54991e-02
20000 131072 5.76389e-02
30000 256 2.14548e-02
30000 1024 1.99420e-02
30000 4096 2.06330e-02
30000 32768 3.11658e-02
30000 65536 4.42998e-02
30000 131072 6.86741e-02
50000 256 3.41949e-02
50000 1024 3.26819e-02
50000 4096 3.32711e-02
50000 32768 4.34070e-02
50000 65536 5.53949e-02
50000 131072 8.17711e-02
100000 256 5.56800e-02
100000 1024 5.46679e-02
100000 4096 5.49631e-02
100000 32768 7.17781e-02
100000 65536 9.39841e-02
100000 131072 1.37081e-01
500000 256 2.72312e-01
500000 1024 2.71880e-01
500000 4096 2.73063e-01
500000 32768 3.33825e-01
500000 65536 4.00469e-01
500000 131072 5.34888e-01
1000000 256 5.35823e-01
1000000 1024 5.34931e-01
1000000 4096 5.36536e-01
1000000 32768 6.31012e-01
1000000 65536 7.56316e-01
1000000 131072 1.02003e+00
